D A B C D E F
A 0.0 250.0 2300.0 1300.0 400.0 3500.0
B 250.0 0.0 2700.0 1500.0 300.0 3900.0
C 2300.0 2700.0 0.0 900.0 2900.0 1200.0
D 1300.0 1500.0 900.0 0.0 1600.0 2200.0
E 400.0 300.0 2900.0 1600.0 0.0 4100.0
F 3500.0 3900.0 1200.0 2200.0 4100.0 0.0
